0.000000	0.785398
0.100100	0.781966
0.200200	0.772112
0.300300	0.756513
0.400400	0.735850
0.500501	0.710812
0.600601	0.682084
0.700701	0.650351
0.800801	0.616290
0.900901	0.580566
1.001001	0.543832
1.101101	0.506717
1.201201	0.469830
1.301301	0.433750
1.401401	0.399021
1.501502	0.366154
1.601602	0.335613
1.701702	0.307820
1.801802	0.283148
1.901902	0.261920
2.002002	0.244406
2.102102	0.230824
2.202202	0.221338
2.302302	0.216059
2.402402	0.215047
2.502503	0.218311
2.602603	0.225810
2.702703	0.237461
2.802803	0.253135
2.902903	0.272667
3.003003	0.295853
3.103103	0.322461
3.203203	0.352230
3.303303	0.384877
3.403403	0.420101
3.503504	0.457589
3.603604	0.497018
3.703704	0.538062
3.803804	0.580395
3.903904	0.623696
4.004004	0.667652
4.104104	0.711962
4.204204	0.756339
4.304304	0.800512
4.404404	0.844228
4.504505	0.887254
4.604605	0.929377
4.704705	0.970403
4.804805	1.010157
4.904905	1.048486
5.005005	1.085251
5.105105	1.120332
5.205205	1.153622
5.305305	1.185030
5.405405	1.214474
5.505506	1.241883
5.605606	1.267194
5.705706	1.290352
5.805806	1.311306
5.905906	1.330008
6.006006	1.346414
6.106106	1.360481
6.206206	1.372166
6.306306	1.381427
6.406406	1.388219
6.506507	1.392498
6.606607	1.394219
6.706707	1.393333
6.806807	1.389792
6.906907	1.383548
7.007007	1.374551
7.107107	1.362752
7.207207	1.348106
7.307307	1.330567
7.407407	1.310098
7.507508	1.286663
7.607608	1.260238
7.707708	1.230804
7.807808	1.198359
7.907908	1.162909
8.008008	1.124481
8.108108	1.083114
8.208208	1.038873
8.308308	0.991841
8.408408	0.942124
8.508509	0.889857
8.608609	0.835195
8.708709	0.778322
8.808809	0.719446
8.908909	0.658802
9.009009	0.596643
9.109109	0.533247
9.209209	0.468904
9.309309	0.403920
9.409409	0.338608
9.509510	0.273286
9.609610	0.208269
9.709710	0.143865
9.809810	0.080371
9.909910	0.018067
10.010010	-0.042788
10.110110	-0.101960
10.210210	-0.159240
10.310310	-0.214452
10.410410	-0.267448
10.510511	-0.318114
10.610611	-0.366366
10.710711	-0.412149
10.810811	-0.455440
10.910911	-0.496241
11.011011	-0.534580
11.111111	-0.570507
11.211211	-0.604091
11.311311	-0.635419
11.411411	-0.664593
11.511512	-0.691725
11.611612	-0.716935
11.711712	-0.740354
11.811812	-0.762111
11.911912	-0.782343
12.012012	-0.801183
12.112112	-0.818765
12.212212	-0.835218
12.312312	-0.850669
12.412412	-0.865237
12.512513	-0.879036
12.612613	-0.892172
12.712713	-0.904744
12.812813	-0.916840
12.912913	-0.928541
13.013013	-0.939918
13.113113	-0.951033
13.213213	-0.961938
13.313313	-0.972675
13.413413	-0.983277
13.513514	-0.993768
13.613614	-1.004161
13.713714	-1.014463
13.813814	-1.024671
13.913914	-1.034772
14.014014	-1.044749
14.114114	-1.054574
14.214214	-1.064215
14.314314	-1.073632
14.414414	-1.082778
14.514515	-1.091603
14.614615	-1.100050
14.714715	-1.108059
14.814815	-1.115563
14.914915	-1.122495
15.015015	-1.128782
15.115115	-1.134349
15.215215	-1.139119
15.315315	-1.143013
15.415415	-1.145949
15.515516	-1.147846
15.615616	-1.148621
15.715716	-1.148192
15.815816	-1.146475
15.915916	-1.143389
16.016016	-1.138854
16.116116	-1.132790
16.216216	-1.125121
16.316316	-1.115775
16.416416	-1.104681
16.516517	-1.091774
16.616617	-1.076995
16.716717	-1.060291
16.816817	-1.041615
16.916917	-1.020928
17.017017	-0.998202
17.117117	-0.973415
17.217217	-0.946561
17.317317	-0.917641
17.417417	-0.886672
17.517518	-0.853683
17.617618	-0.818718
17.717718	-0.781835
17.817818	-0.743109
17.917918	-0.702628
18.018018	-0.660498
18.118118	-0.616836
18.218218	-0.571779
18.318318	-0.525471
18.418418	-0.478073
18.518519	-0.429755
18.618619	-0.380693
18.718719	-0.331073
18.818819	-0.281084
18.918919	-0.230916
19.019019	-0.180758
19.119119	-0.130796
19.219219	-0.081209
19.319319	-0.032171
19.419419	0.016160
19.519520	0.063634
19.619620	0.110117
19.719720	0.155490
19.819820	0.199650
19.919920	0.242512
20.020020	0.284008
20.120120	0.324086
20.220220	0.362710
20.320320	0.399862
20.420420	0.435539
20.520521	0.469749
20.620621	0.502517
20.720721	0.533874
20.820821	0.563866
20.920921	0.592543
21.021021	0.619965
21.121121	0.646196
21.221221	0.671303
21.321321	0.695358
21.421421	0.718432
21.521522	0.740598
21.621622	0.761926
21.721722	0.782486
21.821822	0.802345
21.921922	0.821564
22.022022	0.840202
22.122122	0.858315
22.222222	0.875949
22.322322	0.893148
22.422422	0.909949
22.522523	0.926382
22.622623	0.942473
22.722723	0.958240
22.822823	0.973694
22.922923	0.988841
23.023023	1.003681
23.123123	1.018207
23.223223	1.032407
23.323323	1.046261
23.423423	1.059748
23.523524	1.072837
23.623624	1.085496
23.723724	1.097685
23.823824	1.109361
23.923924	1.120479
24.024024	1.130985
24.124124	1.140826
24.224224	1.149945
24.324324	1.158279
24.424424	1.165766
24.524525	1.172338
24.624625	1.177928
24.724725	1.182466
24.824825	1.185879
24.924925	1.188094
25.025025	1.189038
25.125125	1.188635
25.225225	1.186812
25.325325	1.183493
25.425425	1.178606
25.525526	1.172079
25.625626	1.163841
25.725726	1.153825
25.825826	1.141967
25.925926	1.128207
26.026026	1.112490
26.126126	1.094768
26.226226	1.074998
26.326326	1.053146
26.426426	1.029186
26.526527	1.003104
26.626627	0.974895
26.726727	0.944567
26.826827	0.912140
26.926927	0.877650
27.027027	0.841146
27.127127	0.802694
27.227227	0.762372
27.327327	0.720280
27.427427	0.676528
27.527528	0.631246
27.627628	0.584575
27.727728	0.536673
27.827828	0.487709
27.927928	0.437861
28.028028	0.387318
28.128128	0.336275
28.228228	0.284928
28.328328	0.233478
28.428428	0.182120
28.528529	0.131050
28.628629	0.080452
28.728729	0.030502
28.828829	-0.018634
28.928929	-0.066805
29.029029	-0.113877
29.129129	-0.159730
29.229229	-0.204263
29.329329	-0.247392
29.429429	-0.289054
29.529530	-0.329200
29.629630	-0.367802
29.729730	-0.404846
29.829830	-0.440334
29.929930	-0.474285
30.030030	-0.506727
30.130130	-0.537701
30.230230	-0.567260
30.330330	-0.595462
30.430430	-0.622373
30.530531	-0.648066
30.630631	-0.672613
30.730731	-0.696094
30.830831	-0.718586
30.930931	-0.740167
31.031031	-0.760914
31.131131	-0.780901
31.231231	-0.800199
31.331331	-0.818875
31.431431	-0.836992
31.531532	-0.854606
31.631632	-0.871769
31.731732	-0.888527
31.831832	-0.904919
31.931932	-0.920977
32.032032	-0.936726
32.132132	-0.952188
32.232232	-0.967373
32.332332	-0.982288
32.432432	-0.996933
32.532533	-1.011301
32.632633	-1.025379
32.732733	-1.039149
32.832833	-1.052586
32.932933	-1.065660
33.033033	-1.078337
33.133133	-1.090578
33.233233	-1.102338
33.333333	-1.113568
33.433433	-1.124218
33.533534	-1.134231
33.633634	-1.143547
33.733734	-1.152105
33.833834	-1.159841
33.933934	-1.166685
34.034034	-1.172570
34.134134	-1.177423
34.234234	-1.181173
34.334334	-1.183743
34.434434	-1.185061
34.534535	-1.185049
34.634635	-1.183633
34.734735	-1.180737
34.834835	-1.176288
34.934935	-1.170211
35.035035	-1.162436
35.135135	-1.152894
35.235235	-1.141521
35.335335	-1.128254
35.435435	-1.113039
35.535536	-1.095824
35.635636	-1.076565
35.735736	-1.055227
35.835836	-1.031783
35.935936	-1.006214
36.036036	-0.978515
36.136136	-0.948689
36.236236	-0.916757
36.336336	-0.882749
36.436436	-0.846713
36.536537	-0.808710
36.636637	-0.768817
36.736737	-0.727129
36.836837	-0.683755
36.936937	-0.638820
37.037037	-0.592464
37.137137	-0.544841
37.237237	-0.496118
37.337337	-0.446472
37.437437	-0.396090
37.537538	-0.345164
37.637638	-0.293893
37.737738	-0.242476
37.837838	-0.191110
37.937938	-0.139990
38.038038	-0.089303
38.138138	-0.039227
38.238238	0.010069
38.338338	0.058433
38.438438	0.105724
38.538539	0.151822
38.638639	0.196621
38.738739	0.240034
38.838839	0.281993
38.938939	0.322446
39.039039	0.361361
39.139139	0.398721
39.239239	0.434525
39.339339	0.468788
39.439439	0.501537
39.539540	0.532810
39.639640	0.562657
39.739740	0.591136
39.839840	0.618310
39.939940	0.644251
40.040040	0.669032
40.140140	0.692730
40.240240	0.715423
40.340340	0.737189
40.440440	0.758104
40.540541	0.778244
40.640641	0.797680
40.740741	0.816479
40.840841	0.834706
40.940941	0.852417
41.041041	0.869665
41.141141	0.886498
41.241241	0.902954
41.341341	0.919068
41.441441	0.934868
41.541542	0.950372
41.641642	0.965597
41.741742	0.980548
41.841842	0.995226
41.941942	1.009627
42.042042	1.023738
42.142142	1.037541
42.242242	1.051015
42.342342	1.064129
42.442442	1.076851
42.542543	1.089141
42.642643	1.100956
42.742743	1.112250
42.842843	1.122970
42.942943	1.133061
43.043043	1.142466
43.143143	1.151121
43.243243	1.158964
43.343343	1.165927
43.443443	1.171941
43.543544	1.176935
43.643644	1.180837
43.743744	1.183572
43.843844	1.185065
43.943944	1.185242
44.044044	1.184027
44.144144	1.181344
44.244244	1.177120
44.344344	1.171279
44.444444	1.163753
44.544545	1.154471
44.644645	1.143367
44.744745	1.130381
44.844845	1.115454
44.944945	1.098536
45.045045	1.079582
45.145145	1.058555
45.245245	1.035425
45.345345	1.010174
45.445445	0.982794
45.545546	0.953287
45.645646	0.921670
45.745746	0.887974
45.845846	0.852241
45.945946	0.814532
46.046046	0.774922
46.146146	0.733503
46.246246	0.690380
46.346346	0.645677
46.446446	0.599532
46.546547	0.552096
46.646647	0.503535
46.746747	0.454024
46.846847	0.403748
46.946947	0.352900
47.047047	0.301677
47.147147	0.250277
47.247247	0.198899
47.347347	0.147737
47.447447	0.096981
47.547548	0.046810
47.647648	-0.002607
47.747748	-0.051113
47.847848	-0.098568
47.947948	-0.144848
48.048048	-0.189843
48.148148	-0.233465
48.248248	-0.275642
48.348348	-0.316321
48.448448	-0.355466
48.548549	-0.393058
48.648649	-0.429095
48.748749	-0.463588
48.848849	-0.496561
48.948949	-0.528054
49.049049	-0.558113
49.149149	-0.586794
49.249249	-0.614162
49.349349	-0.640285
49.449449	-0.665238
49.549550	-0.689096
49.649650	-0.711938
49.749750	-0.733841
49.849850	-0.754883
49.949950	-0.775139
50.050050	-0.794679
50.150150	-0.813574
50.250250	-0.831886
50.350350	-0.849675
50.450450	-0.866994
50.550551	-0.883890
50.650651	-0.900405
50.750751	-0.916573
50.850851	-0.932422
50.950951	-0.947974
51.051051	-0.963244
51.151151	-0.978240
51.251251	-0.992964
51.351351	-1.007411
51.451451	-1.021571
51.551552	-1.035426
51.651652	-1.048955
51.751752	-1.062130
51.851852	-1.074917
51.951952	-1.087279
52.052052	-1.099173
52.152152	-1.110552
52.252252	-1.121366
52.352352	-1.131560
52.452452	-1.141076
52.552553	-1.149853
52.652653	-1.157827
52.752753	-1.164931
52.852853	-1.171097
52.952953	-1.176254
53.053053	-1.180329
53.153153	-1.183250
53.253253	-1.184940
53.353353	-1.185325
53.453453	-1.184329
53.553554	-1.181877
53.653654	-1.177894
53.753754	-1.172307
53.853854	-1.165045
53.953954	-1.156037
54.054054	-1.145217
54.154154	-1.132524
54.254254	-1.117899
54.354354	-1.101289
54.454454	-1.082650
54.554555	-1.061943
54.654655	-1.039137
54.754755	-1.014212
54.854855	-0.987158
54.954955	-0.957976
55.055055	-0.926681
55.155155	-0.893300
55.255255	-0.857876
55.355355	-0.820465
55.455455	-0.781140
55.555556	-0.739991
55.655656	-0.697121
55.755756	-0.652651
55.855856	-0.606716
55.955956	-0.559467
56.056056	-0.511066
56.156156	-0.461687
56.256256	-0.411515
56.356356	-0.360741
56.456456	-0.309561
56.556557	-0.258174
56.656657	-0.206778
56.756757	-0.155570
56.856857	-0.104739
56.956957	-0.054465
57.057057	-0.004921
57.157157	0.043735
57.257257	0.091361
57.357357	0.137829
57.457457	0.183028
57.557558	0.226867
57.657658	0.269270
57.757758	0.310183
57.857858	0.349565
57.957958	0.387396
58.058058	0.423671
58.158158	0.458400
58.258258	0.491605
58.358358	0.523322
58.458458	0.553597
58.558559	0.582485
58.658659	0.610050
58.758759	0.636359
58.858859	0.661487
58.958959	0.685508
59.059059	0.708500
59.159159	0.730542
59.259259	0.751711
59.359359	0.772081
59.459459	0.791727
59.559560	0.810716
59.659660	0.829113
59.759760	0.846978
59.859860	0.864366
59.959960	0.881323
60.060060	0.897894
60.160160	0.914112
60.260260	0.930009
60.360360	0.945605
60.460460	0.960917
60.560561	0.975954
60.660661	0.990720
60.760761	1.005210
60.860861	1.019414
60.960961	1.033317
61.061061	1.046898
61.161161	1.060129
61.261261	1.072977
61.361361	1.085407
61.461461	1.097376
61.561562	1.108837
61.661662	1.119741
61.761762	1.130034
61.861862	1.139658
61.961962	1.148552
62.062062	1.156654
62.162162	1.163896
62.262262	1.170211
62.362362	1.175527
62.462462	1.179773
62.562563	1.182876
62.662663	1.184760
62.762763	1.185350
62.862863	1.184571
62.962963	1.182348
63.063063	1.178605
63.163163	1.173269
63.263263	1.166268
63.363363	1.157533
63.463463	1.146996
63.563564	1.134594
63.663664	1.120269
63.763764	1.103968
63.863864	1.085643
63.963964	1.065256
64.064064	1.042774
64.164164	1.018175
64.264264	0.991448
64.364364	0.962593
64.464464	0.931621
64.564565	0.898558
64.664665	0.863444
64.764765	0.826334
64.864865	0.787298
64.964965	0.746422
65.065065	0.703809
65.165165	0.659577
65.265265	0.613858
65.365365	0.566800
65.465465	0.518565
65.565566	0.469325
65.665666	0.419262
65.765766	0.368568
65.865866	0.317438
65.965966	0.266070
66.066066	0.214663
66.166166	0.163413
66.266266	0.112512
66.366366	0.062141
66.466466	0.012475
66.566567	-0.036328
66.666667	-0.084121
66.766767	-0.130774
66.866867	-0.176174
66.966967	-0.220227
67.067067	-0.262855
67.167167	-0.303999
67.267267	-0.343618
67.367367	-0.381688
67.467467	-0.418202
67.567568	-0.453167
67.667668	-0.486604
67.767768	-0.518546
67.867868	-0.549040
67.967968	-0.578137
68.068068	-0.605901
68.168168	-0.632398
68.268268	-0.657702
68.368368	-0.681888
68.468468	-0.705033
68.568569	-0.727216
68.668669	-0.748514
68.768769	-0.769003
68.868869	-0.788755
68.968969	-0.807841
69.069069	-0.826325
69.169169	-0.844268
69.269269	-0.861725
69.369369	-0.878746
69.469469	-0.895374
69.569570	-0.911644
69.669670	-0.927588
69.769770	-0.943229
69.869870	-0.958585
69.969970	-0.973664
70.070070	-0.988471
70.170170	-1.003004
70.270270	-1.017253
70.370370	-1.031204
70.470470	-1.044835
70.570571	-1.058122
70.670671	-1.071031
70.770771	-1.083528
70.870871	-1.095570
70.970971	-1.107113
71.071071	-1.118106
71.171171	-1.128496
71.271271	-1.138227
71.371371	-1.147237
71.471471	-1.155465
71.571572	-1.162843
71.671672	-1.169305
71.771772	-1.174779
71.871872	-1.179194
71.971972	-1.182477
72.072072	-1.184553
72.172172	-1.185347
72.272272	-1.184783
72.372372	-1.182786
72.472472	-1.179281
72.572573	-1.174195
72.672673	-1.167454
72.772773	-1.158990
72.872873	-1.148733
72.972973	-1.136622
73.073073	-1.122596
73.173173	-1.106601
73.273273	-1.088590
73.373373	-1.068521
73.473473	-1.046362
73.573574	-1.022090
73.673674	-0.995690
73.773774	-0.967161
73.873874	-0.936513
73.973974	-0.903769
74.074074	-0.868966
74.174174	-0.832159
74.274274	-0.793413
74.374374	-0.752814
74.474474	-0.710460
74.574575	-0.666468
74.674675	-0.620968
74.774775	-0.574106
74.874875	-0.526040
74.974975	-0.476943
75.075075	-0.426994
75.175175	-0.376385
75.275275	-0.325308
75.375375	-0.273964
75.475475	-0.222550
75.575576	-0.171263
75.675676	-0.120297
75.775776	-0.069833
75.875876	-0.020048
75.975976	0.028897
76.076076	0.076854
76.176176	0.123690
76.276276	0.169289
76.376376	0.213554
76.476476	0.256405
76.576577	0.297780
76.676677	0.337636
76.776777	0.375945
76.876877	0.412697
76.976977	0.447899
77.077077	0.481568
77.177177	0.513738
77.277277	0.544450
77.377377	0.573758
77.477477	0.601722
77.577578	0.628410
77.677678	0.653892
77.777778	0.678244
77.877878	0.701544
77.977978	0.723870
78.078078	0.745299
78.178178	0.765907
78.278278	0.785767
78.378378	0.804951
78.478478	0.823523
78.578579	0.841546
78.678679	0.859075
78.778779	0.876160
78.878879	0.892845
78.978979	0.909168
79.079079	0.925161
79.179179	0.940847
79.279279	0.956245
79.379379	0.971366
79.479479	0.986215
79.579580	1.000791
79.679680	1.015084
79.779780	1.029082
79.879880	1.042764
79.979980	1.056105
80.080080	1.069075
80.180180	1.081638
80.280280	1.093753
80.380380	1.105375
80.480480	1.116456
80.580581	1.126942
80.680681	1.136778
80.780781	1.145903
80.880881	1.154255
80.980981	1.161768
81.081081	1.168375
81.181181	1.174005
81.281281	1.178588
81.381381	1.182049
81.481481	1.184315
81.581582	1.185311
81.681682	1.184961
81.781782	1.183189
81.881882	1.179920
81.981982	1.175082
82.082082	1.168600
82.182182	1.160404
82.282282	1.150427
82.382382	1.138604
82.482482	1.124876
82.582583	1.109187
82.682683	1.091488
82.782783	1.071737
82.882883	1.049901
82.982983	1.025954
83.083083	0.999882
83.183183	0.971679
83.283283	0.941355
83.383383	0.908931
83.483483	0.874442
83.583584	0.837938
83.683684	0.799485
83.783784	0.759164
83.883884	0.717072
83.983984	0.673323
84.084084	0.628046
84.184184	0.581383
84.284284	0.533491
84.384384	0.484541
84.484484	0.434711
84.584585	0.384190
84.684685	0.333172
84.784785	0.281856
84.884885	0.230440
84.984985	0.179122
85.085085	0.128093
85.185185	0.077541
85.285285	0.027641
85.385385	-0.021443
85.485485	-0.069561
85.585586	-0.116577
85.685686	-0.162373
85.785786	-0.206848
85.885886	-0.249921
85.985986	-0.291526
86.086086	-0.331617
86.186186	-0.370164
86.286286	-0.407156
86.386386	-0.442594
86.486486	-0.476497
86.586587	-0.508894
86.686687	-0.539827
86.786787	-0.569347
86.886887	-0.597514
86.986987	-0.624392
87.087087	-0.650055
87.187187	-0.674576
87.287287	-0.698032
87.387387	-0.720502
87.487487	-0.742064
87.587588	-0.762793
87.687688	-0.782764
87.787788	-0.802047
87.887888	-0.820709
87.987988	-0.838812
88.088088	-0.856413
88.188188	-0.873563
88.288288	-0.890307
88.388388	-0.906684
88.488488	-0.922726
88.588589	-0.938458
88.688689	-0.953899
88.788789	-0.969062
88.888889	-0.983953
88.988989	-0.998571
89.089089	-1.012908
89.189189	-1.026953
89.289289	-1.040685
89.389389	-1.054080
89.489489	-1.067109
89.589590	-1.079737
89.689690	-1.091923
89.789790	-1.103624
89.889890	-1.114792
89.989990	-1.125373
90.090090	-1.135313
90.190190	-1.144551
90.290290	-1.153025
90.390390	-1.160672
90.490490	-1.167422
90.590591	-1.173207
90.690691	-1.177955
90.790791	-1.181594
90.890891	-1.184048
90.990991	-1.185244
91.091091	-1.185105
91.191191	-1.183556
91.291291	-1.180522
91.391391	-1.175930
91.491491	-1.169704
91.591592	-1.161776
91.691692	-1.152077
91.791792	-1.140542
91.891892	-1.127110
91.991992	-1.111725
92.092092	-1.094338
92.192192	-1.074905
92.292292	-1.053391
92.392392	-1.029769
92.492492	-1.004023
92.592593	-0.976147
92.692693	-0.946148
92.792793	-0.914044
92.892893	-0.879869
92.992993	-0.843671
93.093093	-0.805512
93.193193	-0.765472
93.293293	-0.723645
93.393393	-0.680143
93.493493	-0.635091
93.593594	-0.588631
93.693694	-0.540917
93.793794	-0.492118
93.893894	-0.442411
93.993994	-0.391984
94.094094	-0.341030
94.194194	-0.289746
94.294294	-0.238333
94.394394	-0.186986
94.494494	-0.135901
94.594595	-0.085264
94.694695	-0.035253
94.794795	0.013966
94.894895	0.062241
94.994995	0.109435
95.095095	0.155425
95.195195	0.200109
95.295295	0.243402
95.395395	0.285236
95.495495	0.325561
95.595596	0.364347
95.695696	0.401577
95.795796	0.437254
95.895896	0.471391
95.995996	0.504017
96.096096	0.535171
96.196196	0.564905
96.296296	0.593275
96.396396	0.620347
96.496496	0.646191
96.596597	0.670882
96.696697	0.694497
96.796797	0.717114
96.896897	0.738810
96.996997	0.759662
97.097097	0.779744
97.197197	0.799128
97.297297	0.817882
97.397397	0.836067
97.497497	0.853742
97.597598	0.870958
97.697698	0.887761
97.797798	0.904192
97.897898	0.920283
97.997998	0.936062
98.098098	0.951547
98.198198	0.966752
98.298298	0.981685
98.398398	0.996345
98.498498	1.010726
98.598599	1.024816
98.698699	1.038598
98.798799	1.052047
98.898899	1.065134
98.998999	1.077826
99.099099	1.090083
99.199199	1.101861
99.299299	1.113114
99.399399	1.123789
99.499499	1.133831
99.599600	1.143180
99.699700	1.151776
99.799800	1.159554
99.899900	1.166447
100.000000	1.172385
